b1 50,46,10,10
b2 103,46,10,10
b3 159,46,10,10
b4 210,46,10,10
b5 260,46,10,10
b6 305,46,10,10
b7 380,46,10,10
b8 430,46,10,10
b9 470,46,10,10
b10 528,46,10,10
b11 580,46,10,10
b12 638,46,10,10

c1 50,78,10,10
c2 159,78,10,10
c3 305,78,10,10
c4 380,78,10,10
c5 528,78,10,10
c6 638,78,10,10

d1 50,110,10,10 
d2 103,110,10,10
d3 159,110,10,10
d4 210,110,10,10
d5 260,110,10,10
d6 305,110,10,10
d7 380,110,10,10
d8 430,110,10,10
d9 483,110,10,10
d10 531,110,10,10
d11 580,110,10,10
d12 644,110,10,10

e1 50,145,10,10
e2 159,145,10,10
e3 ,145,10,10
e4 ,145,10,10
e5 531,145,10,10
e6 644,145,10,10

f1 50,176,10,10
f2 103,176,10,10
f3 159,176,10,10
f4 ,176,10,10
f5 260,176,10,10
f6 305,176,10,10
f7 380,176,10,10
f8 430,176,10,10
f9 ,176,10,10
f10 531,176,10,10
f11 580,176,10,10
f12 644,176,10,10

g1 50,212,10,10
g2 305,212,10,10
g3 380,212,10,10
g4 531,212,10,10

h1 50,244,10,10
h2 260,244,10,10
h3 305,244,10,10
h4 380,244,10,10
h5 430,244,10,10
h6 531,244,10,10
h7 580,244,10,10
h8 644,244,10,10

i1 50,275,10,10
i2 ,275,10,10
i3 ,275,10,10
i4 644,275,10,10

j1 50,308,10,10
j2 103,308,10,10
j3 159,308,10,10
j4 ,308,10,10
j5 ,308,10,10
j6 531,308,10,10
j7 580,308,10,10
j8 644,308,10,10


k1 50,342,10,10
k2 ,342,10,10
k3 ,342,10,10
k4 531,342,10,10

l1 50,375,10,10
l2 ,375,10,10
l3 260,375,10,10
l4 305,375,10,10
l5 380,375,10,10
l6 430,375,10,10
l7 531,375,10,10

m1 50,408,10,10
m2 ,408,10,10
m3 ,408,10,10
m4 531,408,10,10

n1 50,444,10,10
n2 103,444,10,10
n3 159,444,10,10
n4 210,444,10,10
n5 260,444,10,10
n6 305,444,10,10
n7 380,444,10,10
n8 430,444,10,10
n9 483,444,10,10
n10 531,444,10,10
n11 580,444,10,10
n12 644,444,10,10

ñ1 50,474,10,10
ñ2 159,474,10,10
ñ3 305,474,10,10
ñ4 380,474,10,10
ñ5 531,474,10,10
ñ6 644,474,10,10

o1 50,510,10,10
o2 159,510,10,10
o3 210,510,10,10
o4 260,510,10,10
o5 305,510,10,10
o6 380,510,10,10
o7 430,510,10,10
o8 483,510,10,10
o9 531,510,10,10
o10 644,510,10,10

p1 50,540,10,10
p2 159,540,10,10
p3 ,540,10,10
p4 ,540,10,10
p5 531,540,10,10
p6 580,540,10,10

q1 50,574,10,10
q2 103,574,10,10
q3 159,574,10,10
q4 ,574,10,10
q5 260,574,10,10
q6 305,574,10,10
q7 380,574,10,10
q8 430,574,10,10
q9 483,574,10,10
q10 531,574,10,10
q11 580,574,10,10
q12 644,574,10,10

r1 50,608,10,10
r2 305,608,10,10
r3 380,608,10,10
r4 644,608,10,10

s1 50,642,10,10
s2 103,642,10,10
s3 159,642,10,10
s4 210,642,10,10
s5 260,642,10,10
s6 305,642,10,10
s7 380,642,10,10
s8 430,642,10,10
s9 483,642,10,10
s10 531,642,10,10
s11 580,642,10,10
s12 644,642,10,10